-1.417219644689878377e+00 -9.297884357475156847e-01
-2.012546106870070517e+00 -1.030686162268958483e+00
5.340603574889538629e-01 2.452301679073918550e-01
-3.402507517412456384e-01 -2.131674092760521000e-01
-2.029959658452861859e+00 -1.078189024375742600e+00
1.607027338397147287e-01 4.075456420187216766e-01
-7.202029637780321680e-02 4.326612948959357996e-01
-5.714617085109711114e-01 6.017626738767145600e-01
-1.633943512341726467e-01 5.979318688878931809e-01
3.764355086668779160e-01 5.111952089891668161e-01
1.712758960375735107e-01 5.042254733903817066e-01
3.662947044062709323e-01 3.846762789969716545e-01
1.071368117227248090e-01 1.627158137237709745e-01
4.889806128203318947e-01 3.536034289337813830e-01
1.966221745992657033e-01 1.441273772108118134e-01
2.475174531364789099e-01 2.313458132512812016e-01
4.595816366276095910e-01 2.913165111087183123e-01
1.244944237790171160e+00 7.583092400533431032e-01
1.251802019373276176e+00 3.181103193982496857e-01
-4.692990069429230360e-01 -2.514901977122320220e-01
5.314903036045985629e-02 4.477432134539496289e-01
2.355216537024384937e+00 1.031095055070377492e-01
-5.084719654808341760e-01 1.061215500629112268e-01
1.766342763786695469e-01 4.067346496608914563e-01
9.294305979060673017e-01 2.062328886305415221e+00
7.561605878429982219e-01 2.333803658694153516e+00
7.748486121862746545e-01 2.438516363484419358e+00
-1.633730836419802879e+00 -1.068723901971171619e+00
8.881973292155549704e-02 -2.487829761215575974e+00
1.766275184399315468e-01 -2.378867816360619170e+00
1.143970276772436484e-01 -2.277588503958600796e+00
-1.803898596738258420e-01 -1.450175097401965596e+00
-5.338487400546023665e-01 9.140197218442341898e-02
-1.372919906033380544e+00 -1.390145406597893818e-01
-1.013447585429453790e+00 -2.581730988022269413e-01
-8.030501323901270139e-01 -1.859074329800556313e-01
-9.362250059798167268e-01 -3.266602162024600520e-01
-6.616449966012949435e-01 -4.966532596580612302e-01
1.341329081826551084e+00 -3.245708366167823766e-01
2.068538857613494208e+00 -8.568404761878984921e-01
-1.136852132440552277e+00 -3.255069941956632018e-01
-9.647689902767525583e-01 1.864388255736399103e+00
-2.338108367993450010e-01 4.152282506573091725e-01
2.056036428761701451e+00 -9.528036382501182677e-01
1.798795891475237108e+00 -8.330475496723847018e-01
-3.482734026975649044e-01 -9.523210838542957302e-02
3.040054246047699804e-01 -8.467583692668263495e-01
-1.068089602641861813e+00 1.336659239691702306e+00
3.632703629783454180e-01 -6.920595146657111396e-01
-9.912808364955345564e-01 2.284381599612271274e-01
-4.523961455675610810e-01 6.434435054651631569e-01
6.597710739282881542e-01 -8.808916293954183185e-01
-6.354605485711219970e-01 1.324898855575733281e+00
-1.438573165223350769e-01 -1.679987484320075164e-02
